2016 01 19::04:27:54:738         85.08915480774293         11314.17333061553         55.043509634556955         -140.5638825003163         2.0689378995692564         
2016 01 19::04:27:55:238         85.85744571251863         12591.444684253995         55.41854308965366         -140.25847605473183         2.150704009590265         
2016 01 19::04:27:55:740         85.86135637537473         13613.402909992312         55.507208580256595         -139.96054393351065         2.2609038807048565         
2016 01 19::04:27:56:241         86.26949218011481         14977.3530083966         55.51936634867527         -138.2117712527999         2.3029153759634213         
2016 01 19::04:27:56:742         100.89868182921913         15938.095237962058         55.64141557884761         -136.6752824922356         2.327059472858184         
2016 01 19::04:27:57:242         106.16156785358943         16592.227271792548         56.01867406756722         -136.19427303578505         2.450526808619402         
2016 01 19::04:27:57:742         122.19854945206387         16685.433100755097         56.1141511477703         -133.86840526891643         3.334334025053487         
2016 01 19::04:27:58:242         125.68270587504027         17459.66486557875         56.14122132037491         -130.65740779360465         3.4269985973741424         
2016 01 19::04:27:58:742         143.29136924179187         18825.736239651993         56.56521880391008         -130.3559524806468         3.4311128026366045         
2016 01 19::04:27:59:243         208.56596358171643         20315.048463994623         57.37798742882161         -126.41123324449288         3.5954909919840072         
2016 01 19::04:27:59:743         213.99098694963016         21253.633844290798         55.60872663321559*         -126.36678740930239         3.7018933822616895         
2016 01 19::04:28:00:050         157.62317323997587         12027.42178207975         53.839465837609566         -138.88071910102948         2.932230152668436         
2016 01 19::04:28:00:243         222.12239161160176         22047.87339503992         57.6204088420007         -125.8102720494905         3.7366856349298816         
2016 01 19::04:28:00:551         167.66789540788818         12291.455352524848         54.36758052342672         -127.41785062748437         3.361856954565723         
2016 01 19::04:28:00:743         222.53595314588293         22704.256159991666         57.69282811845633         -123.70157421316645         3.8074714777969976         
2016 01 19::04:28:01:051         172.81267212704444         13861.059407123244         54.407723569357415         -127.02663183260091         3.4167470781061415         
2016 01 19::04:28:01:244         227.67768393755793         23765.102383631143         57.83213053533798         -123.46913443615654         3.9882784317329834         
2016 01 19::04:28:01:552         174.4980677188751         13954.069267454393         54.59176558080259         -117.3530078292934         3.554505502449734         
2016 01 19::04:28:01:744         228.46428837338362         26514.97730653145         57.97285310178535         -122.55159781092857         4.011753296928145         
2016 01 19::04:28:02:052         185.12149003166667         14404.669933105308         55.047708085959044         -116.90335992431721         3.5969135519283935         
2016 01 19::04:28:02:244         241.23363438929536         26568.12149900143         58.00110382721768         -121.20717825572453         4.055080544127943         
2016 01 19::04:28:02:552         189.49596910007983         16361.739966146228         55.12077361887191         -116.80731533564148         3.7245350986166548         
2016 01 19::04:28:02:744         245.87070509723364         26852.403102487922         58.534384636499404         -117.32847008989694         4.138632086394233         
2016 01 19::04:28:03:053         198.2023566112029         16396.383422076542         55.47973392550865         -116.71206462835292         3.731638523680969         
2016 01 19::04:28:03:244         258.5113794733012         27356.082795009916         55.57301677854454*         -116.63773397256472         4.729627830451122         
2016 01 19::04:28:03:553         209.15956670415636         18837.24805017768         55.66629963158043         -114.78607392726269         4.593638424735824         
2016 01 19::04:28:03:745         276.1212094662826         27858.556829352376         58.73622985069882         -116.29314981369095         5.387565792733506         
2016 01 19::04:28:04:054         211.57335874195348         20659.009688268572         56.32777277510992         -111.53433726538961         4.848900492993524         
2016 01 19::04:28:04:246         276.4051033619796         29391.580251859363         58.73927794035061         -115.0554404484381         5.573779984014305         
2016 01 19::04:28:04:555         227.5563865559128         20974.200190716118         56.32902807832241         -107.69190105189855         4.894500318435302         
2016 01 19::04:28:04:746         282.55939559931585         29946.37261710046         59.205646731250724         -114.31510784380413         6.0513411067416705         
2016 01 19::04:28:05:056         232.14808746426164         22905.42885551401         56.412530190596         -106.64781281193123         5.057143645835083         
2016 01 19::04:28:05:246         287.30308208598944         31421.30868899422         59.35332555856543         -114.05210063842122         6.140672916428247         
2016 01 19::04:28:05:556         232.67551946399522         23512.62995067849         56.572281222411206         -104.53415384968716         5.203353417072942         
2016 01 19::04:28:05:746         307.5148318238614         31609.13433573056         59.58548848992717         -111.62713353939728         6.51527514845448         
2016 01 19::04:28:06:056         234.04945036612446         25895.85173714508         56.749629286483305         -103.01295028388645         5.212939298965102         
2016 01 19::04:28:06:246         309.6326727820391         32879.42935842899         59.689062602089614         -108.713325751474         6.852328075242287         
2016 01 19::04:28:06:557         239.770014466952         28021.494949809665         56.9785380306298         -100.8597396935624         5.35276550873045         
2016 01 19::04:28:06:746         329.06810011902564         34082.505264702515         59.9606820593801         -108.120673603113         6.9664565174089255         
2016 01 19::04:28:07:057         239.88921304494838         28280.406023602878         57.8596637303741         -100.68494363913223         5.956551857445547         
2016 01 19::04:28:07:247         330.36703165568406         34931.50801767062         60.13903982867275         -107.93161342985579         7.242545148970992         
2016 01 19::04:28:07:557         244.347865588717         29636.551516293464         58.00838409796172         -99.65369957253279         5.973323839452838         
2016 01 19::04:28:07:748         362.51486959894174         37914.84351800504         60.21810159812957         -107.63151854761384         7.465982933167936         
2016 01 19::04:28:08:058         277.6195741464574         29650.938828649898         58.49513586302479         -97.9858819366749         6.752236730017003         
2016 01 19::04:28:08:248         378.05215540521186         39012.70506052879         58.61268030816325*         -107.33438160862951         8.050613526317129         
2016 01 19::04:28:08:559         286.9714907183446         29814.708835465397         58.7302247533017         -96.77539363314366         6.794777237788652         
2016 01 19::04:28:08:749         412.6593248875798         40729.31760804215         60.85348335811869         -104.33060713150275         8.306097334591767         
2016 01 19::04:28:09:059         287.74160320034326         30402.06134964698         59.21388719493103         -94.62432984706024         6.838840220891096         
2016 01 19::04:28:09:249         417.85839490134305         41913.853397574705         61.06622872190104         -101.25221493857742         8.423498183946986         
2016 01 19::04:28:09:560         287.8564382075776         30659.36229394074         59.52919000572599         -92.48951683898437         7.090729665082307         
2016 01 19::04:28:09:750         419.2820328498523         44419.75340070534         61.219950938125045         -100.56299308574293         8.46450359910067         
2016 01 19::04:28:10:060         300.3235252510831         30696.913936657733         59.83442670317807         -92.13797892009802         7.328498185718491         
2016 01 19::04:28:10:251         442.58789529342334         44470.666939314804         61.84349388768329         -100.11991396203419         8.697782391146092         
2016 01 19::04:28:10:561         311.0911448923688         31531.601624666007         60.35717379239913         -91.82617811528425         7.559940828385847         
2016 01 19::04:28:10:751         445.894354942205         44513.45768762706         62.00698634887259         -94.55753757180642         8.904029319291329         
2016 01 19::04:28:11:062         316.9518637936002         33290.94336078933         60.45341477014632         -88.05615363111639         7.633682315525158         
2016 01 19::04:28:11:251         447.18804763733044         45342.616207303974         62.20908855781859         -94.42090438489663         9.110344274965588         
2016 01 19::04:28:11:563         321.9202822787486         33682.73160084408         61.172017958462945         -80.76031196809274         7.7147728509395         
2016 01 19::04:28:11:752         456.3334683621202         47260.63857858546         62.569951152032786         -92.64221527721324         9.31896973806886         
2016 01 19::04:28:12:063         327.0585498508842         35385.78593720212         61.41586262802478         -79.7985271541312         7.837585448267481         
2016 01 19::04:28:12:252         467.40673476781683         50726.89610970005         62.58002520334816         -91.61368963833036         9.435297239940333         
2016 01 19::04:28:12:563         328.4673005468421         35630.737192271146         62.6550487283728*         -70.34790064637644         7.957761109079864         
2016 01 19::04:28:12:753         467.98590200817813         51251.46770684932         62.73007225339744         -90.35932997556347         9.971814323367811         
2016 01 19::04:28:13:064         350.79104885790747         36034.434868046774         62.39416721320112         -69.38007937439463         8.475637045486717         
2016 01 19::04:28:13:253         471.01585864359885         52152.67327900154         63.159326660235934         -88.6301840079118         10.158270971750305         
2016 01 19::04:28:13:565         356.82129913483305         37551.95909368007         63.50503308915734*         -62.89499342915309         8.508523666017421         
2016 01 19::04:28:13:755         488.5388776512698         54391.682068936585         63.85073951807874         -85.57579264434656         10.346001723730536         
2016 01 19::04:28:14:065         363.59492211512503         37833.3601426813         63.54013775271672         -61.922821045850014         8.532458978864344         
2016 01 19::04:28:14:256         495.20145285342187         54777.99300400261         63.88945193547934         -83.87736807771549         10.360665067199836         
2016 01 19::04:28:14:566         371.3038264900603         38156.84388572148         64.02800592198443         -60.40792608202193         8.85065992336872         
2016 01 19::04:28:14:756         505.9243719520735         54968.8643016801         64.07113242827722         -82.37206565258901         10.499247733162342         
2016 01 19::04:28:15:066         375.91143741917597         42829.50274671998         64.24220416159199         -60.38947264417439         8.948032300251763         
2016 01 19::04:28:15:256         507.3342266397136         58039.62903997271         64.26282132066086         -75.38214987732934         11.008255763916729         
2016 01 19::04:28:15:567         383.19615425986984         42979.98804760182         64.48325563418345         -58.92522495423532         9.299357891010661         
2016 01 19::04:28:15:757         509.0110093848413         58884.65763196118         64.43778009344703         -74.21939296593726         11.26654064993775         
2016 01 19::04:28:16:069         410.9933667927652         45226.55736480154         64.68886121686612         -57.47436661807728         9.832866803166896         
2016 01 19::04:28:16:257         561.4471153787872         60087.7571863749         64.49917926064863         -71.21164407990295         11.345868836010474         
2016 01 19::04:28:16:570         411.9780477382416         47659.61608405129         64.875429698944         -57.200846303595         10.260943751528352         
2016 01 19::04:28:16:758         571.2585065413849         60552.859950931736         64.56746888311326         -69.09907259993179         11.849439777546333         
2016 01 19::04:28:17:071         413.0884954793846         47860.927875676294         64.60563646910722*         -56.81305333636686         10.529515708146064         
2016 01 19::04:28:17:259         573.433561464622         63348.8262610356         64.64380405510117         -61.42216075420026         12.581909259292601         
2016 01 19::04:28:17:571         421.36999068881653         48495.851753322895         64.93074479929528         -56.66747172679109         10.606832134830347         
2016 01 19::04:28:17:759         574.6997171294444         63950.9472310862         65.06376971920913         -60.944982510006525         12.702697775281813         
2016 01 19::04:28:18:072         423.99135987080626         48606.61350538851         65.22293795420575         -46.455653755283066         10.61701277154351         
2016 01 19::04:28:18:259         576.8243450707339         64630.317057738626         65.51228825895205         -59.979205172341466         12.79648521494342         
2016 01 19::04:28:18:572         425.4408199418348         48982.26150211322         65.35838757763091         -45.51653376347127         10.722115229134332         
2016 01 19::04:28:18:760         605.2840002392717         65852.07360316471         66.16751634436757         -54.38168319750386         12.805779636232284         
2016 01 19::04:28:19:073         432.77871083863573         53066.98869071643         65.46340209584334         -45.23962938330723         10.85245175928341         
2016 01 19::04:28:19:260         607.8508294806336         66543.73199022538         66.3344568884261         -52.128669267123286         12.86041526563766         
2016 01 19::04:28:19:574         434.8248870404994         53125.221334546746         66.02046004798635         -43.65231968919073         11.640094352845143         
2016 01 19::04:28:19:760         622.7674025723601         67045.47585533214         66.54081384310784         -50.817240274250125         13.050937935708262         
2016 01 19::04:28:20:074         441.09826088501467         53280.338521437996         66.12856257724786         -43.14904021012822         11.748319855010635         
2016 01 19::04:28:20:261         649.5121132674016         67456.88611088529         66.1598865334878*         -42.15159644646364         13.255029898189852         
2016 01 19::04:28:20:574         456.41890557019013         53389.74664723091         66.19121048972775         -37.06639341200386         11.756959291221381         
2016 01 19::04:28:20:761         652.3679302159187         68168.36175395866         66.95171217920847         -37.35654051825995         13.67429627307757         
2016 01 19::04:28:21:075         463.20803945134503         53970.089981694124         66.2523374424706         -31.449970119004547         12.041172174941506         
2016 01 19::04:28:21:262         660.571954525124         68223.01502872257         67.12114416234539         -35.283644219067654         14.340149363190624         
2016 01 19::04:28:21:576         468.8758213200307         54555.789057669754         66.32681092822112         -31.073756866799954         12.180088305459503         
2016 01 19::04:28:21:762         664.2528793622629         70447.96558481368         67.40212527906353         -35.17666734828701         14.363420385529423         
2016 01 19::04:28:22:077         477.88114626730527         54563.17043280877         66.68399358568334         -19.3921097143037         12.293314636276598         
2016 01 19::04:28:22:262         687.2102486210871         70625.19723429717         67.84422226352449         -35.049383501763344         14.384553985860949         
2016 01 19::04:28:22:578         487.0696744417192         55169.128418340006         66.81751327584861         -18.583400356703237         12.361998889188397         
2016 01 19::04:28:22:762         700.8623338374523         70900.88597543097         68.5073619281118         -28.784633493936767         14.432752904288515         
2016 01 19::04:28:23:078         505.5410539668432         55557.99737166124         66.99349582015346         -17.87989773420017         12.443792993208957         
2016 01 19::04:28:23:263         701.8515495842917         72132.24285260109         68.75695948732829         -25.823294020105365         14.598564384206403         
2016 01 19::04:28:23:579         508.1689735653104         58152.03174975785         67.22365587443879         -14.08608717011694         12.514941308755512         
2016 01 19::04:28:23:763         704.160460527178         73333.75264345181         68.85595804489775         -21.53176265132197         14.670911153417554         
2016 01 19::04:28:24:080         509.6202303649815         58539.16025855058         69.12815535177808*         -13.076842980677867         12.626376306748499         
2016 01 19::04:28:24:264         709.7631458639968         73452.60741904554         69.4003526586584         -18.787108795012585         14.804323630585936         
2016 01 19::04:28:24:580         521.4719186310527         62319.41086165247         67.7920316452274         -12.464464843005302         13.160140081580874         
2016 01 19::04:28:24:765         713.3108757015312         73572.64537194232         70.32460456318223         -11.328770044176537         14.89788912556187         
2016 01 19::04:28:25:081         542.9663165153283         62704.1247872371         68.60855762184093         -8.206829002110211         13.181605141353659         
2016 01 19::04:28:25:265         726.0448349292644         73648.26944124521         68.9220351561376*         -9.206263161756283         14.951252794289571         
2016 01 19::04:28:25:581         544.3332050402918         65622.46145244656         69.23551269043426         -7.227358401973319         13.37721393972543         
2016 01 19::04:28:25:766         742.0135450482419         73885.3303005896         71.0262321211408         -6.198573396072476         14.965539196341549         
2016 01 19::04:28:26:082         552.1940147218899         67130.4712461137         69.52262549592359         -2.8290040616650174         14.06117069377414         
2016 01 19::04:28:26:266         747.6230675386879         75050.8534157589         71.1133183667656         -3.0228358393264045         15.022413157841974         
2016 01 19::04:28:26:583         552.2604088961477         67255.19156803921         69.78962432128033         -0.7422848416443344         14.104672657216566         
2016 01 19::04:28:26:766         747.647862827013         76020.84025536849         72.4902426143803         -2.5532717224855475         15.028269150898243         
2016 01 19::04:28:27:083         557.9157816897955         67395.80673559375         69.95674531697249         -0.648405734851849         14.173111905503799         
2016 01 19::04:28:27:267         760.6475769826225         76126.04313752164         70.04173030677963*         1.1340684572488442         15.053620261905776         
2016 01 19::04:28:27:584         571.0849035749914         68249.7319388241         70.12671529658677         -0.005153374117455201         14.398090439126321         
2016 01 19::04:28:27:767         780.8003412083428         76422.17617937524         72.70204190051311         2.521049370351591         15.104320255939264         
2016 01 19::04:28:28:084         581.0463089202603         69110.15745325747         72.7905770765408*         1.463227911336503         14.49579392005237         
2016 01 19::04:28:28:267         782.0762742012329         76917.25992547638         72.87911225256849         6.353607926619063         15.413346144718743         
2016 01 19::04:28:28:585         581.9086409574132         69594.35277466995         70.44661126496266         1.8726529283752598         14.606877543484565         
2016 01 19::04:28:28:768         789.5013821819083         77055.09358902588         70.56894634117683*         7.609793012475208         15.498984190933918         
2016 01 19::04:28:29:085         590.8423296206516         70261.47982901311         70.69128141739101         1.9086212092663288         14.790019873076599         
2016 01 19::04:28:29:268         805.2529041672959         77331.38803595878         74.3966338647517         8.868992243780198         15.67729434719497         
2016 01 19::04:28:29:585         597.58273168712         70673.97745565289         70.85899344638324         5.298984940992796         14.891541951457654         
2016 01 19::04:28:29:769         810.156615529478         78882.87130228982         74.55895813759605         9.579696252496419         16.036302479697405         
2016 01 19::04:28:30:085         619.0662057973518         70743.89587742496         72.11651640765426         5.946262625475839         15.185710525437223         
2016 01 19::04:28:30:270         816.2324952117334         79420.63912437143         74.70911021730697         9.712556733671363         16.056483146724144         
2016 01 19::04:28:30:586         629.5537005020025         71605.18011355458         72.13869637350379         11.260370657137301         15.664387311007877         
2016 01 19::04:28:30:770         818.3982754984777         79787.65377446261         72.15634150771145*         16.587244040922144         16.129407947617878         
2016 01 19::04:28:31:087         659.0412891473557         72213.66153987487         72.1739866419191         17.21842512330378         15.805077106247268         
2016 01 19::04:28:31:271         834.2496856374704         79880.62968526658         74.84815106858278         19.239359600020833         16.55417048633958         
2016 01 19::04:28:31:587         663.7155352451839         73059.12512477249         72.36662132994232         18.736427861214985         15.89941591108397         
2016 01 19::04:28:31:771         857.5334038274282         80724.1088197962         75.0018775161998         20.880316512400206         16.779894091675974         
2016 01 19::04:28:32:087         670.519544004689         73476.76042075941         73.53517804504773         23.564499523209705         16.03731985573934         
2016 01 19::04:28:32:271         868.5486821833834         80946.71496372095         75.22284763151089         22.865915389273         17.367807308765848         
2016 01 19::04:28:32:587         671.2718870863114         75013.73490615585         73.95722408926608         24.35247577932857         16.04185244319557         
2016 01 19::04:28:32:771         879.1747607476569         80964.49329779715         75.22724512887268         25.212378840013443         17.515138132405127         
2016 01 19::04:28:33:088         671.8670501726755         76314.42957090508         73.97071996826932         28.9068798745558         16.080950078196608         
2016 01 19::04:28:33:271         880.7900350940968         82542.38099225872         75.29809110610408         28.935659400870023         17.73888510761309         
2016 01 19::04:28:33:589         682.6880512570386         77084.82585134117         74.1259741232081         35.009041444808645         16.09199149418371         
2016 01 19::04:28:33:772         889.7775693103675         82662.96311744186         75.3813653876989         32.35083783605312         17.758018939781028         
2016 01 19::04:28:34:090         691.4722064284197         77122.92613425659         74.35545105830666         35.09565008463443         16.516749534763875         
2016 01 19::04:28:34:273         905.8046303379958         83947.36210756657         75.5306556421842         34.28641724811226         17.76543051440348         
2016 01 19::04:28:34:590         703.3814961159921         77161.34396972689         74.7641692676293         39.98832516723673         16.971307134381576         
2016 01 19::04:28:34:773         910.2766428736613         84877.70921431402         75.62234495518516         34.519431820518626         18.07336127116297         
2016 01 19::04:28:35:090         734.4972077538222         77341.20313171737         75.78485007501912         41.11482683136401         17.201711009000896         
2016 01 19::04:28:35:273         912.6587575521244         85070.11299689424         76.36424867566105         36.15476190509486         18.518664327196078         
2016 01 19::04:28:35:590         735.3837513124969         81210.65273304036         75.81657683429222         41.34735148219189         17.306785924226865         
2016 01 19::04:28:35:773         913.8673448309709         85684.70850111995         77.11775361932905         38.5566174790085         18.812929359324826         
2016 01 19::04:28:36:091         771.9860610341588         81367.14025099375         76.05159196430344         45.27136161868788         17.328835530985963         
2016 01 19::04:28:36:274         915.1738376340295         86384.21757340425         77.57555130967874         41.96649272501922         18.892646002167634         
2016 01 19::04:28:36:592         805.7048820039914         85952.2876404118         77.60779271854813*         45.931445544800624         17.62783009730551         
2016 01 19::04:28:36:774         926.2461408887359         86503.39042189273         77.6400341274175         44.521388289365014         18.993403204123716         
2016 01 19::04:28:37:093         824.2427150383891         86562.94719185578         76.88270645965778         52.543302104852906         17.77903220883086         
2016 01 19::04:28:37:274         942.7938560646083         86625.55300012653         77.71087927044395         47.71456667346118         19.022307811000005         
2016 01 19::04:28:37:593         825.7414145228851         86917.6920528726         77.19747536834798         54.7417986844191         18.02929991896306         
2016 01 19::04:28:37:774         945.0694337445108         90792.44290407213         78.13491885337088         52.48701814702584         19.050550623515427         
2016 01 19::04:28:38:093         873.4370906701699         87474.11916073608         77.59087349155314         56.326699900779175         18.131386428376615         
2016 01 19::04:28:38:274         954.3579608506553         90860.74588859928         78.34735488318923         53.66033076167391         19.48285233476812         
2016 01 19::04:28:38:594         875.9757468641262         90249.46448579719         77.84310303761698         57.79722064646299         18.496805035222728         
2016 01 19::04:28:38:774         955.9656926746658         90936.23908190969         78.73265593765555         55.18397466408361         19.629435908818028         
2016 01 19::04:28:39:094         877.8679785150466         90444.01925589149         77.84737519074491         57.86551188578597         18.561648528362763         
2016 01 19::04:28:39:274         963.6116844541536         93268.09731782922         78.75416807069713         55.48697770456744         19.73199591108378         
2016 01 19::04:28:39:594         891.5123872081945         91578.13678486033         77.85244015391046         59.91434317391888         18.582067386671785         
2016 01 19::04:28:39:775         965.2362147977897         94265.91861710648         78.8544354013776         58.82365262789628         19.79142736825764         
2016 01 19::04:28:40:094         909.5279974986928         94512.75112126359         77.94956285838705         62.324596179294936         18.829761867735574         
2016 01 19::04:28:40:276         968.3532910890199         95668.06840173861         79.35391961677362         62.15932306857998         19.840456029753064         
2016 01 19::04:28:40:594         940.3505457423743         95419.5072122742         79.53570831821577*         63.87742101633966         18.8756312020262         
2016 01 19::04:28:40:777         977.5634002647781         99848.71752355434         79.71749701965791         62.5461609934168         19.879143553899738         
2016 01 19::04:28:41:095         942.418509244584         95843.37111274833         79.23385650943638         64.96516264989174         19.020242912045017         
2016 01 19::04:28:41:595         954.266184408545         96084.9373292856         79.43211666928407*         68.82477326637387         19.34573305114441         
2016 01 19::04:28:42:095         966.3494917437805         96423.88262895343         79.63037682913176         71.67590061707403         19.629372086068962         
2016 01 19::04:28:42:596         981.0579184697492         96492.03407743362         79.85448964696218         71.7087607051158         19.661773300623885         
2016 01 19::04:28:43:096         983.5989843351293         99829.38323864702         79.92372565208461         74.09275981086535         19.797625297895905         